110110101001111
101001101110010
101111001000110
000010001010000
110101011001010
100011110001010
110011011100110
011000011100111
111110110111100
111100111011111
010000100001110
010100111111000
000010010001001
001110101110010
101110010011011

111110101011111
100000101010000
001000101011110
100000101001010
110100001111000
001100000111011
101110000111000
000000000000001
000011000000000
000010001000001
000101000000001
001001101100010
000010000001100
011000101100010
011011011011111

111101000011110
100000101000001
010001101010010
101000001000010
110100011000011
100000000000000
011010000101111
000001000010000
000011000000000
000100000000000
000101111100011
000101100000110
011100100010110
011010101100001
011101111011111

111000000001110
100010100010001
110001101000011
101000101000110
101000011000011
100100001000000
010000000011110
000101000011110
000011000000000
000100011000000
001101011000111
000100001101000
010000100101101
100010001000001
010111101011111

110000000001110
001000110001001
100000100100101
101001101100100
101100001100111
101000011101001
001010000110010
000001000010010
000101100001100
001101011000010
001100100000110
000110100101001
000000010101110
111110101000001
000111010101111

010000000001110
100000110011001
000000000111100
101101100011101
101100100001101
001000010001001
010100000001111
000101100110010
001101010001110
000001010001010
000000101000111
001111111001001
010000110101111
011000100100001
010001111000111

000000000011110
000000000100000
010001010100000
001111100100000
000011110000001
000000000010001
000110100001001
000101100010000
001101011001011
000011011001000
000100001001001
001110000111000
010010000101101
111000000111000
011001111000011

000000000011100
000000001101100
001101000110000
001100000000000
000000010000000
000100010000011
000110100011000
000000000011111
001100001111100
001001000111011
001001011001100
001010001100010
100010001000100
100101110101001
101000111110000

000000000110100
000000001000100
001110001111000
001110000000000
001100000000000
000110110000000
000110000010000
001010000000010
001100001000000
011010110000010
011011110001001
010011000101010
010010100010110
100111000001000
010001000110000

000000000101000
000100001000100
001010001111000
010000000110000
000001000000000
000001000000000
001000000000000
001010000000000
000011010000000
000010001000000
100000011010011
110000010001011
111000100010010
111100100101100
000001000010000

000000000000000
000100001000100
001100001001000
000000001001000
000000000000000
000000000000000
000100000000000
000011000000000
000011000000000
000011101100000
110000011100111
001000111111000
000100110010011
100101100101100
011000000011000

000000000000000
001100000000000
001100011101100
000000000000000
000000000000000
000000000000000
000010000000000
000101000000000
000100000000000
000010100100010
010000000001110
011000000001000
001110000000010
010111110100110
011000000011100

000000000000000
001100001000000
001100001000000
000000001000000
000000000000000
000000000000000
000010000000000
000100000000000
000101000000000
000000000000010
011000000011010
010000000001010
000000100000010
010001100010010
011111100011110

000000000000000
001100000000000
001100011100000
000000000000000
000000000000000
000000000000000
000000000000000
000100000000000
000010000000000
001000000000100
011000000011011
011000000011011
000001100000011
010100010010011
011110100011110

000000000000000
001100001000000
001100001000000
000000001000000
000000000000000
000000000000000
000000000000000
000000000000000
000100000000000
011100000001110
000100000010001
011000000011000
010000100011000
010100010010000
010110000011111

000000000000000
001100000000000
001100011100000
000000000000000
000000000000000
000000000000000
000000000000000
000000000000000
000100000000100
000110000001110
000100000010010
011000000100000
110000000100000
110110000100010
000110000011110

000000000000000
001100001000000
001100001000000
000000001000000
000000000000000
000000000000000
000000000000000
000000000000000
000110000001110
001110000001010
000110000011010
111000000110000
000100001110000
110110000101010
001110000011110

000000000000000
001100000000000
001100011100000
000000000000000
000000000000000
000000000000000
000000000000000
000000000000100
001010000001010
001001000000011
000010000101000
011010001000000
000110001001000
010000001000010
011010000011010

000000000000000
001100001000000
001100001000000
000000001000000
000000000000000
000000000000000
000000000000000
000000000000100
000100000000011
000011000010011
011011000000000
001011001110000
010110011100000
010010000111000
011000000000100

000000000000000
001100000000000
001100011100000
000000000000000
000000000000000
000000000000000
000000000000000
000000000000010
000010000000101
001001000000011
011000100010000
000000110010000
010000010001000
110010000111000
011000000011000

000000000000000
001100001000000
001100001000000
000000001000000
000000000000000
000000000000000
000000000000000
000000000000010
000000000000101
011101000000011
011001110000000
011000110011000
110000111101000
100000000100100
111000000101000

000000000000000
001100000000000
001100011100000
000000000000000
000000000000000
000000000000000
000000000000000
000000000000010
001000000000101
010111000000011
100011010000000
000000000111000
101000100101100
001000010101100
110000000010000

000000000000000
001100001000000
001100001000000
000000001000000
000000000000000
000000000000000
000000000000000
000000000000010
001110000000101
011101100000011
000101100010000
010001101101100
010000000100000
101000001100100
010000000011000

000000000000000
001100000000000
001100011100000
000000000000000
000000000000000
000000000000000
000000000000000
000100000000010
010011000000101
010000100000011
010100000111110
001011111101000
111000010001100
101000001101000
010000000111000

000000000000000
001100001000000
001100001000000
000000001000000
000000000000000
000000000000000
000000000000000
000010000000010
001011000000101
110011000010001
010110000101011
100011110100010
101001000001100
101000001100000
010000001101000

000000000000000
001100000000000
001100011100000
000000000000000
000000000000000
000000000000000
000000000000000
000111000000010
010000000000001
110000000011101
011100001100111
101000101001011
100111010110100
101000001101100
010000001110000

000000000000000
001100001000000
001100001000000
000000001000000
000000000000000
000000000000000
000010000000000
000010000000000
111010000001101
100000000111101
000100011100000
100001100001001
101111110000000
101110010000100
010000001011000

000000000000000
001100000000000
001100011100000
000000000000000
000000000000000
000000000000000
000000000000000
010011000000000
110100000000100
101100000100100
000000111100110
011000000000000
101000010000000
100000011001000
011100000001000

000000000000000
001100001000000
001100001000000
000000001000000
000000000000000
000000000000000
000000000000000
111010000000000
100100000000000
101100010101100
000100011100110
011000100000000
101000011000000
100100011000000
011000000000000

000000000000000
001100000000000
001100011100000
000000000000000
000000000000000
000000000000000
010000000000000
111100000000000
100010000000000
011110010111110
000100110111110
011100100100000
101100101000000
100100011000000
011000000000000

